// 0x00000000
00
00
00
00
00
00
00
00
00
00
00
00
00
00
00
00
// 0x00000010
00
00
00
00
00
00
00
00
00
00
00
00
00
00
00
00
// 0x00000020
00
00
00
00
00
00
00
00
00
00
00
00
00
00
00
00
// 0x00000030
00
00
00
00
00
00
00
00
00
00
00
00
00
00
00
00
// 0x00000040
00
00
00
00
00
00
00
00
00
00
00
00
00
00
00
00
// 0x00000050
00
00
00
00
00
00
00
00
00
00
00
00
00
00
00
00
// 0x00000060
00
00
00
00
00
00
00
00
00
00
00
00
00
00
00
00
// 0x00000070
00
00
00
00
00
00
00
00
00
00
00
00
00
00
00
00
// 0x00000080
00
00
00
00
00
00
00
00
00
00
00
00
00
00
00
00
// 0x00000090
00
00
00
00
00
00
00
00
00
00
00
00
00
00
00
00
// 0x000000a0
00
00
00
00
00
00
00
00
00
00
00
00
00
00
00
00
// 0x000000b0
00
00
00
00
00
00
00
00
00
00
00
00
00
00
00
00
// 0x000000c0
00
00
00
00
00
00
00
00
00
00
00
00
00
00
00
00
// 0x000000d0
00
00
00
00
00
00
00
00
00
00
00
00
00
00
00
00
// 0x000000e0
00
00
00
00
00
00
00
00
00
00
00
00
00
00
00
00
// 0x000000f0
00
00
00
00
00
00
00
00
00
00
00
00
00
00
00
00
// 0x00000100
00
00
00
00
00
00
00
00
00
00
00
00
00
00
00
00
// 0x00000110
00
00
00
00
00
00
00
00
00
00
00
00
00
00
00
00
// 0x00000120
00
00
00
00
00
00
00
00
00
00
00
00
00
00
00
00
// 0x00000130
00
00
00
00
00
00
00
00
00
00
00
00
00
00
00
00
// 0x00000140
00
00
00
00
00
00
00
00
00
00
00
00
00
00
00
00
// 0x00000150
00
00
00
00
00
00
00
00
00
00
00
00
00
00
00
00
// 0x00000160
00
00
00
00
00
00
00
00
00
00
00
00
00
00
00
00
// 0x00000170
00
00
00
00
00
00
00
00
00
00
00
00
00
00
00
00
// 0x00000180
00
00
00
00
00
00
00
00
00
00
00
00
00
00
00
00
// 0x00000190
00
00
00
00
00
00
00
00
00
00
00
00
00
00
00
00
// 0x000001a0
00
00
00
00
00
00
00
00
00
00
00
00
00
00
00
00
// 0x000001b0
00
00
00
00
00
00
00
00
00
00
00
00
00
00
00
00
// 0x000001c0
00
00
00
00
00
00
00
00
00
00
00
00
00
00
00
00
// 0x000001d0
00
00
00
00
00
00
00
00
00
00
00
00
00
00
00
00
// 0x000001e0
00
00
00
00
00
00
00
00
00
00
00
00
00
00
00
00
// 0x000001f0
00
00
00
00
00
00
00
00
00
00
00
00
00
00
00
00
// 0x00000200
00
00
00
00
00
00
00
00
00
00
00
00
00
00
00
00
// 0x00000210
00
00
00
00
00
00
00
00
00
00
00
00
00
00
00
00
// 0x00000220
00
00
00
00
00
00
00
00
00
00
00
00
00
00
00
00
// 0x00000230
00
00
00
00
00
00
00
00
00
00
00
00
00
00
00
00
// 0x00000240
00
00
00
00
00
00
00
00
00
00
00
00
00
00
00
00
// 0x00000250
00
00
00
00
00
00
00
00
00
00
00
00
00
00
00
00
// 0x00000260
00
00
00
00
00
00
00
00
00
00
00
00
00
00
00
00
// 0x00000270
00
00
00
00
00
00
00
00
00
00
00
00
00
00
00
00
// 0x00000280
00
00
00
00
00
00
00
00
00
00
00
00
00
00
00
00
// 0x00000290
00
00
00
00
00
00
00
00
00
00
00
00
00
00
00
00
// 0x000002a0
00
00
00
00
00
00
00
00
00
00
00
00
00
00
00
00
// 0x000002b0
00
00
00
00
00
00
00
00
00
00
00
00
00
00
00
00
// 0x000002c0
00
00
00
00
00
00
00
00
00
00
00
00
00
00
00
00
// 0x000002d0
00
00
00
00
00
00
00
00
00
00
00
00
00
00
00
00
// 0x000002e0
00
00
00
00
00
00
00
00
00
00
00
00
00
00
00
00
// 0x000002f0
00
00
00
00
00
00
00
00
00
00
00
00
00
00
00
00
// 0x00000300
00
00
00
00
00
00
00
00
00
00
00
00
00
00
00
00
// 0x00000310
00
00
00
00
00
00
00
00
00
00
00
00
00
00
00
00
// 0x00000320
00
00
00
00
00
00
00
00
00
00
00
00
00
00
00
00
// 0x00000330
00
00
00
00
00
00
00
00
00
00
00
00
00
00
00
00
// 0x00000340
00
00
00
00
00
00
00
00
00
00
00
00
00
00
00
00
// 0x00000350
00
00
00
00
00
00
00
00
00
00
00
00
00
00
00
00
// 0x00000360
00
00
00
00
00
00
00
00
00
00
00
00
00
00
00
00
// 0x00000370
00
00
00
00
00
00
00
00
00
00
00
00
00
00
00
00
// 0x00000380
00
00
00
00
00
00
00
00
00
00
00
00
00
00
00
00
// 0x00000390
00
00
00
00
00
00
00
00
00
00
00
00
00
00
00
00
// 0x000003a0
00
00
00
00
00
00
00
00
00
00
00
00
00
00
00
00
// 0x000003b0
00
00
00
00
00
00
00
00
00
00
00
00
00
00
00
00
// 0x000003c0
00
00
00
00
00
00
00
00
00
00
00
00
00
00
00
00
// 0x000003d0
00
00
00
00
00
00
00
00
00
00
00
00
00
00
00
00
// 0x000003e0
00
00
00
00
00
00
00
00
00
00
00
00
00
00
00
00
// 0x000003f0
00
00
00
00
00
00
00
00
00
00
00
00
00
00
00
00
// 0x00000400
00
00
00
00
00
00
00
00
00
00
00
00
00
00
00
00
// 0x00000410
00
00
00
00
00
00
00
00
00
00
00
00
00
00
00
00
// 0x00000420
00
00
00
00
00
00
00
00
00
00
00
00
00
00
00
00
// 0x00000430
00
00
00
00
00
00
00
00
00
00
00
00
00
00
00
00
// 0x00000440
00
00
00
00
00
00
00
00
00
00
00
00
00
00
00
00
// 0x00000450
00
00
00
00
00
00
00
00
00
00
00
00
00
00
00
00
// 0x00000460
00
00
00
00
00
00
00
00
00
00
00
00
00
00
00
00
// 0x00000470
00
00
00
00
00
00
00
00
00
00
00
00
00
00
00
00
// 0x00000480
00
00
00
00
00
00
00
00
00
00
00
00
00
00
00
00
// 0x00000490
00
00
00
00
00
00
00
00
00
00
00
00
00
00
00
00
// 0x000004a0
00
00
00
00
00
00
00
00
00
00
00
00
00
00
00
00
// 0x000004b0
00
00
00
00
00
00
00
00
00
00
00
00
00
00
00
00
// 0x000004c0
00
00
00
00
00
00
00
00
00
00
00
00
00
00
00
00
// 0x000004d0
00
00
00
00
00
00
00
00
00
00
00
00
00
00
00
00
// 0x000004e0
00
00
00
00
00
00
00
00
00
00
00
00
00
00
00
00
// 0x000004f0
00
00
00
00
00
00
00
00
00
00
00
00
00
00
00
00
// 0x00000500
00
00
00
00
00
00
00
00
00
00
00
00
00
00
00
00
// 0x00000510
00
00
00
00
00
00
00
00
00
00
00
00
00
00
00
00
// 0x00000520
00
00
00
00
00
00
00
00
00
00
00
00
00
00
00
00
// 0x00000530
00
00
00
00
00
00
00
00
00
00
00
00
00
00
00
00
// 0x00000540
00
00
00
00
00
00
00
00
00
00
00
00
00
00
00
00
// 0x00000550
00
00
00
00
00
00
00
00
00
00
00
00
00
00
00
00
// 0x00000560
00
00
00
00
00
00
00
00
00
00
00
00
00
00
00
00
// 0x00000570
00
00
00
00
00
00
00
00
00
00
00
00
00
00
00
00
// 0x00000580
00
00
00
00
00
00
00
00
00
00
00
00
00
00
00
00
// 0x00000590
00
00
00
00
00
00
00
00
00
00
00
00
00
00
00
00
// 0x000005a0
00
00
00
00
00
00
00
00
00
00
00
00
00
00
00
00
// 0x000005b0
00
00
00
00
00
00
00
00
00
00
00
00
00
00
00
00
// 0x000005c0
00
00
00
00
00
00
00
00
00
00
00
00
00
00
00
00
// 0x000005d0
00
00
00
00
00
00
00
00
00
00
00
00
00
00
00
00
// 0x000005e0
00
00
00
00
00
00
00
00
00
00
00
00
00
00
00
00
// 0x000005f0
00
00
00
00
00
00
00
00
00
00
00
00
00
00
00
00
// 0x00000600
00
00
00
00
00
00
00
00
00
00
00
00
00
00
00
00
// 0x00000610
00
00
00
00
00
00
00
00
00
00
00
00
00
00
00
00
// 0x00000620
00
00
00
00
00
00
00
00
00
00
00
00
00
00
00
00
// 0x00000630
00
00
00
00
00
00
00
00
00
00
00
00
00
00
00
00
// 0x00000640
00
00
00
00
00
00
00
00
00
00
00
00
00
00
00
00
// 0x00000650
00
00
00
00
00
00
00
00
00
00
00
00
00
00
00
00
// 0x00000660
00
00
00
00
00
00
00
00
00
00
00
00
00
00
00
00
// 0x00000670
00
00
00
00
00
00
00
00
00
00
00
00
00
00
00
00
// 0x00000680
00
00
00
00
00
00
00
00
00
00
00
00
00
00
00
00
// 0x00000690
00
00
00
00
00
00
00
00
00
00
00
00
00
00
00
00
// 0x000006a0
00
00
00
00
00
00
00
00
00
00
00
00
00
00
00
00
// 0x000006b0
00
00
00
00
00
00
00
00
00
00
00
00
00
00
00
00
// 0x000006c0
00
00
00
00
00
00
00
00
00
00
00
00
00
00
00
00
// 0x000006d0
00
00
00
00
00
00
00
00
00
00
00
00
00
00
00
00
// 0x000006e0
00
00
00
00
00
00
00
00
00
00
00
00
00
00
00
00
// 0x000006f0
00
00
00
00
00
00
00
00
00
00
00
00
00
00
00
00
// 0x00000700
00
00
00
00
00
00
00
00
00
00
00
00
00
00
00
00
// 0x00000710
00
00
00
00
00
00
00
00
00
00
00
00
00
00
00
00
// 0x00000720
00
00
00
00
00
00
00
00
00
00
00
00
00
00
00
00
// 0x00000730
00
00
00
00
00
00
00
00
00
00
00
00
00
00
00
00
// 0x00000740
00
00
00
00
00
00
00
00
00
00
00
00
00
00
00
00
// 0x00000750
00
00
00
00
00
00
00
00
00
00
00
00
00
00
00
00
// 0x00000760
00
00
00
00
00
00
00
00
00
00
00
00
00
00
00
00
// 0x00000770
00
00
00
00
00
00
00
00
00
00
00
00
00
00
00
00
// 0x00000780
00
00
00
00
00
00
00
00
00
00
00
00
00
00
00
00
// 0x00000790
00
00
00
00
00
00
00
00
00
00
00
00
00
00
00
00
// 0x000007a0
00
00
00
00
00
00
00
00
00
00
00
00
00
00
00
00
// 0x000007b0
00
00
00
00
00
00
00
00
00
00
00
00
00
00
00
00
// 0x000007c0
00
00
00
00
00
00
00
00
00
00
00
00
00
00
00
00
// 0x000007d0
00
00
00
00
00
00
00
00
00
00
00
00
00
00
00
00
// 0x000007e0
00
00
00
00
00
00
00
00
00
00
00
00
00
00
00
00
// 0x000007f0
00
00
00
00
00
00
00
00
00
00
00
00
00
00
00
00
// 0x00000800
00
00
00
00
00
00
00
00
00
00
00
00
00
00
00
00
// 0x00000810
00
00
00
00
00
00
00
00
00
00
00
00
00
00
00
00
// 0x00000820
00
00
00
00
00
00
00
00
00
00
00
00
00
00
00
00
// 0x00000830
00
00
00
00
00
00
00
00
00
00
00
00
00
00
00
00
// 0x00000840
00
00
00
00
00
00
00
00
00
00
00
00
00
00
00
00
// 0x00000850
00
00
00
00
00
00
00
00
00
00
00
00
00
00
00
00
// 0x00000860
00
00
00
00
00
00
00
00
00
00
00
00
00
00
00
00
// 0x00000870
00
00
00
00
00
00
00
00
00
00
00
00
00
00
00
00
// 0x00000880
00
00
00
00
00
00
00
00
00
00
00
00
00
00
00
00
// 0x00000890
00
00
00
00
00
00
00
00
00
00
00
00
00
00
00
00
// 0x000008a0
00
00
00
00
00
00
00
00
00
00
00
00
00
00
00
00
// 0x000008b0
00
00
00
00
00
00
00
00
00
00
00
00
00
00
00
00
// 0x000008c0
00
00
00
00
00
00
00
00
00
00
00
00
00
00
00
00
// 0x000008d0
00
00
00
00
00
00
00
00
00
00
00
00
00
00
00
00
// 0x000008e0
00
00
00
00
00
00
00
00
00
00
00
00
00
00
00
00
// 0x000008f0
00
00
00
00
00
00
00
00
00
00
00
00
00
00
00
00
// 0x00000900
00
00
00
00
00
00
00
00
00
00
00
00
00
00
00
00
// 0x00000910
00
00
00
00
00
00
00
00
00
00
00
00
00
00
00
00
// 0x00000920
00
00
00
00
00
00
00
00
00
00
00
00
00
00
00
00
// 0x00000930
00
00
00
00
00
00
00
00
00
00
00
00
00
00
00
00
// 0x00000940
00
00
00
00
00
00
00
00
00
00
00
00
00
00
00
00
// 0x00000950
00
00
00
00
00
00
00
00
00
00
00
00
00
00
00
00
// 0x00000960
00
00
00
00
00
00
00
00
00
00
00
00
00
00
00
00
// 0x00000970
00
00
00
00
00
00
00
00
00
00
00
00
00
00
00
00
// 0x00000980
00
00
00
00
00
00
00
00
00
00
00
00
00
00
00
00
// 0x00000990
00
00
00
00
00
00
00
00
00
00
00
00
00
00
00
00
// 0x000009a0
00
00
00
00
00
00
00
00
00
00
00
00
00
00
00
00
// 0x000009b0
00
00
00
00
00
00
00
00
00
00
00
00
00
00
00
00
// 0x000009c0
00
00
00
00
00
00
00
00
00
00
00
00
00
00
00
00
// 0x000009d0
00
00
00
00
00
00
00
00
00
00
00
00
00
00
00
00
// 0x000009e0
00
00
00
00
00
00
00
00
00
00
00
00
00
00
00
00
// 0x000009f0
00
00
00
00
00
00
00
00
00
00
00
00
00
00
00
00
// 0x00000a00
00
00
00
00
00
00
00
00
00
00
00
00
00
00
00
00
// 0x00000a10
00
00
00
00
00
00
00
00
00
00
00
00
00
00
00
00
// 0x00000a20
00
00
00
00
00
00
00
00
00
00
00
00
00
00
00
00
// 0x00000a30
00
00
00
00
00
00
00
00
00
00
00
00
00
00
00
00
// 0x00000a40
00
00
00
00
00
00
00
00
00
00
00
00
00
00
00
00
// 0x00000a50
00
00
00
00
00
00
00
00
00
00
00
00
00
00
00
00
// 0x00000a60
00
00
00
00
00
00
00
00
00
00
00
00
00
00
00
00
// 0x00000a70
00
00
00
00
00
00
00
00
00
00
00
00
00
00
00
00
// 0x00000a80
00
00
00
00
00
00
00
00
00
00
00
00
00
00
00
00
// 0x00000a90
00
00
00
00
00
00
00
00
00
00
00
00
00
00
00
00
// 0x00000aa0
00
00
00
00
00
00
00
00
00
00
00
00
00
00
00
00
// 0x00000ab0
00
00
00
00
00
00
00
00
00
00
00
00
00
00
00
00
// 0x00000ac0
00
00
00
00
00
00
00
00
00
00
00
00
00
00
00
00
// 0x00000ad0
00
00
00
00
00
00
00
00
00
00
00
00
00
00
00
00
// 0x00000ae0
00
00
00
00
00
00
00
00
00
00
00
00
00
00
00
00
// 0x00000af0
00
00
00
00
00
00
00
00
00
00
00
00
00
00
00
00
// 0x00000b00
00
00
00
00
00
00
00
00
00
00
00
00
00
00
00
00
// 0x00000b10
00
00
00
00
00
00
00
00
00
00
00
00
00
00
00
00
// 0x00000b20
00
00
00
00
00
00
00
00
00
00
00
00
00
00
00
00
// 0x00000b30
00
00
00
00
00
00
00
00
00
00
00
00
00
00
00
00
// 0x00000b40
00
00
00
00
00
00
00
00
00
00
00
00
00
00
00
00
// 0x00000b50
00
00
00
00
00
00
00
00
00
00
00
00
00
00
00
00
// 0x00000b60
00
00
00
00
00
00
00
00
00
00
00
00
00
00
00
00
// 0x00000b70
00
00
00
00
00
00
00
00
00
00
00
00
00
00
00
00
// 0x00000b80
00
00
00
00
00
00
00
00
00
00
00
00
00
00
00
00
// 0x00000b90
00
00
00
00
00
00
00
00
00
00
00
00
00
00
00
00
// 0x00000ba0
00
00
00
00
00
00
00
00
00
00
00
00
00
00
00
00
// 0x00000bb0
00
00
00
00
00
00
00
00
00
00
00
00
00
00
00
00
// 0x00000bc0
00
00
00
00
00
00
00
00
00
00
00
00
00
00
00
00
// 0x00000bd0
00
00
00
00
00
00
00
00
00
00
00
00
00
00
00
00
// 0x00000be0
00
00
00
00
00
00
00
00
00
00
00
00
00
00
00
00
// 0x00000bf0
00
00
00
00
00
00
00
00
00
00
00
00
00
00
00
00
// 0x00000c00
00
00
00
00
00
00
00
00
00
00
00
00
00
00
00
00
// 0x00000c10
00
00
00
00
00
00
00
00
00
00
00
00
00
00
00
00
// 0x00000c20
00
00
00
00
00
00
00
00
00
00
00
00
00
00
00
00
// 0x00000c30
00
00
00
00
00
00
00
00
00
00
00
00
00
00
00
00
// 0x00000c40
00
00
00
00
00
00
00
00
00
00
00
00
00
00
00
00
// 0x00000c50
00
00
00
00
00
00
00
00
00
00
00
00
00
00
00
00
// 0x00000c60
00
00
00
00
00
00
00
00
00
00
00
00
00
00
00
00
// 0x00000c70
00
00
00
00
00
00
00
00
00
00
00
00
00
00
00
00
// 0x00000c80
00
00
00
00
00
00
00
00
00
00
00
00
00
00
00
00
// 0x00000c90
00
00
00
00
00
00
00
00
00
00
00
00
00
00
00
00
// 0x00000ca0
00
00
00
00
00
00
00
00
00
00
00
00
00
00
00
00
// 0x00000cb0
00
00
00
00
00
00
00
00
00
00
00
00
00
00
00
00
// 0x00000cc0
00
00
00
00
00
00
00
00
00
00
00
00
00
00
00
00
// 0x00000cd0
00
00
00
00
00
00
00
00
00
00
00
00
00
00
00
00
// 0x00000ce0
00
00
00
00
00
00
00
00
00
00
00
00
00
00
00
00
// 0x00000cf0
00
00
00
00
00
00
00
00
00
00
00
00
00
00
00
00
// 0x00000d00
00
00
00
00
00
00
00
00
00
00
00
00
00
00
00
00
// 0x00000d10
00
00
00
00
00
00
00
00
00
00
00
00
00
00
00
00
// 0x00000d20
00
00
00
00
00
00
00
00
00
00
00
00
00
00
00
00
// 0x00000d30
00
00
00
00
00
00
00
00
00
00
00
00
00
00
00
00
// 0x00000d40
00
00
00
00
00
00
00
00
00
00
00
00
00
00
00
00
// 0x00000d50
00
00
00
00
00
00
00
00
00
00
00
00
00
00
00
00
// 0x00000d60
00
00
00
00
00
00
00
00
00
00
00
00
00
00
00
00
// 0x00000d70
00
00
00
00
00
00
00
00
00
00
00
00
00
00
00
00
// 0x00000d80
00
00
00
00
00
00
00
00
00
00
00
00
00
00
00
00
// 0x00000d90
00
00
00
00
00
00
00
00
00
00
00
00
00
00
00
00
// 0x00000da0
00
00
00
00
00
00
00
00
00
00
00
00
00
00
00
00
// 0x00000db0
00
00
00
00
00
00
00
00
00
00
00
00
00
00
00
00
// 0x00000dc0
00
00
00
00
00
00
00
00
00
00
00
00
00
00
00
00
// 0x00000dd0
00
00
00
00
00
00
00
00
00
00
00
00
00
00
00
00
// 0x00000de0
00
00
00
00
00
00
00
00
00
00
00
00
00
00
00
00
// 0x00000df0
00
00
00
00
00
00
00
00
00
00
00
00
00
00
00
00
// 0x00000e00
00
00
00
00
00
00
00
00
00
00
00
00
00
00
00
00
// 0x00000e10
00
00
00
00
00
00
00
00
00
00
00
00
00
00
00
00
// 0x00000e20
00
00
00
00
00
00
00
00
00
00
00
00
00
00
00
00
// 0x00000e30
00
00
00
00
00
00
00
00
00
00
00
00
00
00
00
00
// 0x00000e40
00
00
00
00
00
00
00
00
00
00
00
00
00
00
00
00
// 0x00000e50
00
00
00
00
00
00
00
00
00
00
00
00
00
00
00
00
// 0x00000e60
00
00
00
00
00
00
00
00
00
00
00
00
00
00
00
00
// 0x00000e70
00
00
00
00
00
00
00
00
00
00
00
00
00
00
00
00
// 0x00000e80
00
00
00
00
00
00
00
00
00
00
00
00
00
00
00
00
// 0x00000e90
00
00
00
00
00
00
00
00
00
00
00
00
00
00
00
00
// 0x00000ea0
00
00
00
00
00
00
00
00
00
00
00
00
00
00
00
00
// 0x00000eb0
00
00
00
00
00
00
00
00
00
00
00
00
00
00
00
00
// 0x00000ec0
00
00
00
00
00
00
00
00
00
00
00
00
00
00
00
00
// 0x00000ed0
00
00
00
00
00
00
00
00
00
00
00
00
00
00
00
00
// 0x00000ee0
00
00
00
00
00
00
00
00
00
00
00
00
00
00
00
00
// 0x00000ef0
00
00
00
00
00
00
00
00
00
00
00
00
00
00
00
00
// 0x00000f00
00
00
00
00
00
00
00
00
00
00
00
00
00
00
00
00
// 0x00000f10
00
00
00
00
00
00
00
00
00
00
00
00
00
00
00
00
// 0x00000f20
00
00
00
00
00
00
00
00
00
00
00
00
00
00
00
00
// 0x00000f30
00
00
00
00
00
00
00
00
00
00
00
00
00
00
00
00
// 0x00000f40
00
00
00
00
00
00
00
00
00
00
00
00
00
00
00
00
// 0x00000f50
00
00
00
00
00
00
00
00
00
00
00
00
00
00
00
00
// 0x00000f60
00
00
00
00
00
00
00
00
00
00
00
00
00
00
00
00
// 0x00000f70
00
00
00
00
00
00
00
00
00
00
00
00
00
00
00
00
// 0x00000f80
00
00
00
00
00
00
00
00
00
00
00
00
00
00
00
00
// 0x00000f90
00
00
00
00
00
00
00
00
00
00
00
00
00
00
00
00
// 0x00000fa0
00
00
00
00
00
00
00
00
00
00
00
00
00
00
00
00
// 0x00000fb0
00
00
00
00
00
00
00
00
00
00
00
00
00
00
00
00
// 0x00000fc0
00
00
00
00
00
00
00
00
00
00
00
00
00
00
00
00
// 0x00000fd0
00
00
00
00
00
00
00
00
00
00
00
00
00
00
00
00
// 0x00000fe0
00
00
00
00
00
00
00
00
00
00
00
00
00
00
00
00
// 0x00000ff0
00
00
00
00
00
00
00
00
00
00
00
00
00
00
00
00
// 0x00001000
24
1d
10
00
24
01
10
00
af
be
ff
fc
00
1d
f0
20
// 0x00001010
af
bf
ff
f8
2f
bd
00
08
0c
00
02
9c
00
00
00
15
// 0x00001020
23
bd
ff
f0
00
1d
08
20
3c
02
00
00
24
42
20
00
// 0x00001030
ac
22
00
00
20
02
00
00
ac
22
00
04
20
02
00
1f
// 0x00001040
ac
22
00
08
0c
00
00
1c
00
00
00
15
23
bd
00
10
// 0x00001050
20
01
00
00
08
00
00
04
00
00
00
15
0c
00
02
4c
// 0x00001060
00
00
00
15
af
be
ff
fc
00
1d
f0
20
af
bf
ff
f8
// 0x00001070
2f
bd
00
18
af
a2
00
00
af
a3
00
04
8f
c1
00
04
// 0x00001080
8f
c2
00
08
00
22
08
2a
10
20
00
90
00
00
00
15
// 0x00001090
23
bd
ff
f0
00
1d
08
20
8f
c2
00
00
ac
22
00
00
// 0x000010a0
8f
c2
00
04
ac
22
00
04
8f
c2
00
08
ac
22
00
08
// 0x000010b0
0c
00
00
8c
00
00
00
15
23
bd
00
10
af
c1
ff
f4
// 0x000010c0
23
bd
ff
f0
00
1d
08
20
8f
c2
00
00
ac
22
00
00
// 0x000010d0
8f
c2
00
04
ac
22
00
04
8f
c2
ff
f4
ac
22
00
08
// 0x000010e0
0f
ff
ff
80
00
00
00
15
23
bd
00
10
23
bd
ff
f0
// 0x000010f0
00
1d
08
20
8f
c2
00
00
ac
22
00
00
8f
c2
ff
f4
// 0x00001100
20
43
00
01
ac
23
00
04
8f
c2
00
08
ac
22
00
08
// 0x00001110
0f
ff
ff
50
00
00
00
15
23
bd
00
10
08
00
00
04
// 0x00001120
00
00
00
15
8f
a2
00
00
8f
a3
00
04
8f
df
ff
f8
// 0x00001130
00
1e
e8
20
8f
de
ff
fc
4b
e0
00
00
00
00
00
15
// 0x00001140
af
be
ff
fc
00
1d
f0
20
af
bf
ff
f8
2f
bd
00
20
// 0x00001150
af
a2
00
00
af
a3
00
04
8f
c1
00
00
8f
c2
00
04
// 0x00001160
00
22
08
20
80
22
00
00
a3
c2
ff
ef
8f
c1
00
04
// 0x00001170
20
22
ff
ff
af
c2
ff
f4
8f
c1
00
08
20
22
00
01
// 0x00001180
af
c2
ff
f0
08
00
00
0c
00
00
00
15
08
00
01
00
// 0x00001190
00
00
00
15
8f
c2
ff
f0
20
41
ff
ff
00
01
10
20
// 0x000011a0
af
c2
ff
f0
8f
c1
00
00
8f
c2
ff
f0
00
22
08
20
// 0x000011b0
80
22
00
00
93
c1
ff
ef
00
41
10
2b
14
40
00
0c
// 0x000011c0
00
00
00
15
08
00
00
0c
00
00
00
15
0b
ff
ff
c4
// 0x000011d0
00
00
00
15
00
00
00
15
8f
c2
ff
f4
20
41
00
01
// 0x000011e0
00
01
10
20
af
c2
ff
f4
8f
c1
00
00
8f
c2
ff
f4
// 0x000011f0
00
22
08
20
80
22
00
00
93
c1
ff
ef
00
41
10
2a
// 0x00001200
14
40
00
0c
00
00
00
15
08
00
00
0c
00
00
00
15
// 0x00001210
0b
ff
ff
c4
00
00
00
15
8f
c1
ff
f4
8f
c2
ff
f0
// 0x00001220
00
22
08
2a
10
20
00
54
00
00
00
15
8f
c1
00
00
// 0x00001230
8f
c2
ff
f0
00
22
08
20
80
22
00
00
a3
c2
ff
ee
// 0x00001240
8f
c1
00
00
8f
c2
ff
f0
00
22
08
20
8f
c2
00
00
// 0x00001250
8f
c3
ff
f4
00
43
10
20
80
43
00
00
a0
23
00
00
// 0x00001260
8f
c1
00
00
8f
c2
ff
f4
00
22
08
20
83
c2
ff
ee
// 0x00001270
a0
22
00
00
08
00
00
10
00
00
00
15
8f
c1
ff
f0
// 0x00001280
08
00
00
0c
00
00
00
15
0b
ff
fe
f8
00
00
00
15
// 0x00001290
8f
a2
00
00
8f
a3
00
04
8f
df
ff
f8
00
1e
e8
20
// 0x000012a0
8f
de
ff
fc
4b
e0
00
00
00
00
00
15
44
00
03
00
// 0x000012b0
4b
e0
00
00
00
00
00
15
00
00
00
15
4b
e0
00
00
// 0x000012c0
00
00
00
15
00
00
00
00
00
00
00
00
00
00
00
00
// 0x000012d0
00
00
00
00
00
00
00
00
00
00
00
00
00
00
00
00
// 0x000012e0
00
00
00
00
00
00
00
00
00
00
00
00
00
00
00
00
// 0x000012f0
00
00
00
00
00
00
00
00
00
00
00
00
00
00
00
00
// 0x00001300
00
00
00
00
00
00
00
00
00
00
00
00
00
00
00
00
// 0x00001310
00
00
00
00
00
00
00
00
00
00
00
00
00
00
00
00
// 0x00001320
00
00
00
00
00
00
00
00
00
00
00
00
00
00
00
00
// 0x00001330
00
00
00
00
00
00
00
00
00
00
00
00
00
00
00
00
// 0x00001340
00
00
00
00
00
00
00
00
00
00
00
00
00
00
00
00
// 0x00001350
00
00
00
00
00
00
00
00
00
00
00
00
00
00
00
00
// 0x00001360
00
00
00
00
00
00
00
00
00
00
00
00
00
00
00
00
// 0x00001370
00
00
00
00
00
00
00
00
00
00
00
00
00
00
00
00
// 0x00001380
00
00
00
00
00
00
00
00
00
00
00
00
00
00
00
00
// 0x00001390
00
00
00
00
00
00
00
00
00
00
00
00
00
00
00
00
// 0x000013a0
00
00
00
00
00
00
00
00
00
00
00
00
00
00
00
00
// 0x000013b0
00
00
00
00
00
00
00
00
00
00
00
00
00
00
00
00
// 0x000013c0
00
00
00
00
00
00
00
00
00
00
00
00
00
00
00
00
// 0x000013d0
00
00
00
00
00
00
00
00
00
00
00
00
00
00
00
00
// 0x000013e0
00
00
00
00
00
00
00
00
00
00
00
00
00
00
00
00
// 0x000013f0
00
00
00
00
00
00
00
00
00
00
00
00
00
00
00
00
// 0x00001400
00
00
00
00
00
00
00
00
00
00
00
00
00
00
00
00
// 0x00001410
00
00
00
00
00
00
00
00
00
00
00
00
00
00
00
00
// 0x00001420
00
00
00
00
00
00
00
00
00
00
00
00
00
00
00
00
// 0x00001430
00
00
00
00
00
00
00
00
00
00
00
00
00
00
00
00
// 0x00001440
00
00
00
00
00
00
00
00
00
00
00
00
00
00
00
00
// 0x00001450
00
00
00
00
00
00
00
00
00
00
00
00
00
00
00
00
// 0x00001460
00
00
00
00
00
00
00
00
00
00
00
00
00
00
00
00
// 0x00001470
00
00
00
00
00
00
00
00
00
00
00
00
00
00
00
00
// 0x00001480
00
00
00
00
00
00
00
00
00
00
00
00
00
00
00
00
// 0x00001490
00
00
00
00
00
00
00
00
00
00
00
00
00
00
00
00
// 0x000014a0
00
00
00
00
00
00
00
00
00
00
00
00
00
00
00
00
// 0x000014b0
00
00
00
00
00
00
00
00
00
00
00
00
00
00
00
00
// 0x000014c0
00
00
00
00
00
00
00
00
00
00
00
00
00
00
00
00
// 0x000014d0
00
00
00
00
00
00
00
00
00
00
00
00
00
00
00
00
// 0x000014e0
00
00
00
00
00
00
00
00
00
00
00
00
00
00
00
00
// 0x000014f0
00
00
00
00
00
00
00
00
00
00
00
00
00
00
00
00
// 0x00001500
00
00
00
00
00
00
00
00
00
00
00
00
00
00
00
00
// 0x00001510
00
00
00
00
00
00
00
00
00
00
00
00
00
00
00
00
// 0x00001520
00
00
00
00
00
00
00
00
00
00
00
00
00
00
00
00
// 0x00001530
00
00
00
00
00
00
00
00
00
00
00
00
00
00
00
00
// 0x00001540
00
00
00
00
00
00
00
00
00
00
00
00
00
00
00
00
// 0x00001550
00
00
00
00
00
00
00
00
00
00
00
00
00
00
00
00
// 0x00001560
00
00
00
00
00
00
00
00
00
00
00
00
00
00
00
00
// 0x00001570
00
00
00
00
00
00
00
00
00
00
00
00
00
00
00
00
// 0x00001580
00
00
00
00
00
00
00
00
00
00
00
00
00
00
00
00
// 0x00001590
00
00
00
00
00
00
00
00
00
00
00
00
00
00
00
00
// 0x000015a0
00
00
00
00
00
00
00
00
00
00
00
00
00
00
00
00
// 0x000015b0
00
00
00
00
00
00
00
00
00
00
00
00
00
00
00
00
// 0x000015c0
00
00
00
00
00
00
00
00
00
00
00
00
00
00
00
00
// 0x000015d0
00
00
00
00
00
00
00
00
00
00
00
00
00
00
00
00
// 0x000015e0
00
00
00
00
00
00
00
00
00
00
00
00
00
00
00
00
// 0x000015f0
00
00
00
00
00
00
00
00
00
00
00
00
00
00
00
00
// 0x00001600
00
00
00
00
00
00
00
00
00
00
00
00
00
00
00
00
// 0x00001610
00
00
00
00
00
00
00
00
00
00
00
00
00
00
00
00
// 0x00001620
00
00
00
00
00
00
00
00
00
00
00
00
00
00
00
00
// 0x00001630
00
00
00
00
00
00
00
00
00
00
00
00
00
00
00
00
// 0x00001640
00
00
00
00
00
00
00
00
00
00
00
00
00
00
00
00
// 0x00001650
00
00
00
00
00
00
00
00
00
00
00
00
00
00
00
00
// 0x00001660
00
00
00
00
00
00
00
00
00
00
00
00
00
00
00
00
// 0x00001670
00
00
00
00
00
00
00
00
00
00
00
00
00
00
00
00
// 0x00001680
00
00
00
00
00
00
00
00
00
00
00
00
00
00
00
00
// 0x00001690
00
00
00
00
00
00
00
00
00
00
00
00
00
00
00
00
// 0x000016a0
00
00
00
00
00
00
00
00
00
00
00
00
00
00
00
00
// 0x000016b0
00
00
00
00
00
00
00
00
00
00
00
00
00
00
00
00
// 0x000016c0
00
00
00
00
00
00
00
00
00
00
00
00
00
00
00
00
// 0x000016d0
00
00
00
00
00
00
00
00
00
00
00
00
00
00
00
00
// 0x000016e0
00
00
00
00
00
00
00
00
00
00
00
00
00
00
00
00
// 0x000016f0
00
00
00
00
00
00
00
00
00
00
00
00
00
00
00
00
// 0x00001700
00
00
00
00
00
00
00
00
00
00
00
00
00
00
00
00
// 0x00001710
00
00
00
00
00
00
00
00
00
00
00
00
00
00
00
00
// 0x00001720
00
00
00
00
00
00
00
00
00
00
00
00
00
00
00
00
// 0x00001730
00
00
00
00
00
00
00
00
00
00
00
00
00
00
00
00
// 0x00001740
00
00
00
00
00
00
00
00
00
00
00
00
00
00
00
00
// 0x00001750
00
00
00
00
00
00
00
00
00
00
00
00
00
00
00
00
// 0x00001760
00
00
00
00
00
00
00
00
00
00
00
00
00
00
00
00
// 0x00001770
00
00
00
00
00
00
00
00
00
00
00
00
00
00
00
00
// 0x00001780
00
00
00
00
00
00
00
00
00
00
00
00
00
00
00
00
// 0x00001790
00
00
00
00
00
00
00
00
00
00
00
00
00
00
00
00
// 0x000017a0
00
00
00
00
00
00
00
00
00
00
00
00
00
00
00
00
// 0x000017b0
00
00
00
00
00
00
00
00
00
00
00
00
00
00
00
00
// 0x000017c0
00
00
00
00
00
00
00
00
00
00
00
00
00
00
00
00
// 0x000017d0
00
00
00
00
00
00
00
00
00
00
00
00
00
00
00
00
// 0x000017e0
00
00
00
00
00
00
00
00
00
00
00
00
00
00
00
00
// 0x000017f0
00
00
00
00
00
00
00
00
00
00
00
00
00
00
00
00
// 0x00001800
00
00
00
00
00
00
00
00
00
00
00
00
00
00
00
00
// 0x00001810
00
00
00
00
00
00
00
00
00
00
00
00
00
00
00
00
// 0x00001820
00
00
00
00
00
00
00
00
00
00
00
00
00
00
00
00
// 0x00001830
00
00
00
00
00
00
00
00
00
00
00
00
00
00
00
00
// 0x00001840
00
00
00
00
00
00
00
00
00
00
00
00
00
00
00
00
// 0x00001850
00
00
00
00
00
00
00
00
00
00
00
00
00
00
00
00
// 0x00001860
00
00
00
00
00
00
00
00
00
00
00
00
00
00
00
00
// 0x00001870
00
00
00
00
00
00
00
00
00
00
00
00
00
00
00
00
// 0x00001880
00
00
00
00
00
00
00
00
00
00
00
00
00
00
00
00
// 0x00001890
00
00
00
00
00
00
00
00
00
00
00
00
00
00
00
00
// 0x000018a0
00
00
00
00
00
00
00
00
00
00
00
00
00
00
00
00
// 0x000018b0
00
00
00
00
00
00
00
00
00
00
00
00
00
00
00
00
// 0x000018c0
00
00
00
00
00
00
00
00
00
00
00
00
00
00
00
00
// 0x000018d0
00
00
00
00
00
00
00
00
00
00
00
00
00
00
00
00
// 0x000018e0
00
00
00
00
00
00
00
00
00
00
00
00
00
00
00
00
// 0x000018f0
00
00
00
00
00
00
00
00
00
00
00
00
00
00
00
00
// 0x00001900
00
00
00
00
00
00
00
00
00
00
00
00
00
00
00
00
// 0x00001910
00
00
00
00
00
00
00
00
00
00
00
00
00
00
00
00
// 0x00001920
00
00
00
00
00
00
00
00
00
00
00
00
00
00
00
00
// 0x00001930
00
00
00
00
00
00
00
00
00
00
00
00
00
00
00
00
// 0x00001940
00
00
00
00
00
00
00
00
00
00
00
00
00
00
00
00
// 0x00001950
00
00
00
00
00
00
00
00
00
00
00
00
00
00
00
00
// 0x00001960
00
00
00
00
00
00
00
00
00
00
00
00
00
00
00
00
// 0x00001970
00
00
00
00
00
00
00
00
00
00
00
00
00
00
00
00
// 0x00001980
00
00
00
00
00
00
00
00
00
00
00
00
00
00
00
00
// 0x00001990
00
00
00
00
00
00
00
00
00
00
00
00
00
00
00
00
// 0x000019a0
00
00
00
00
00
00
00
00
00
00
00
00
00
00
00
00
// 0x000019b0
00
00
00
00
00
00
00
00
00
00
00
00
00
00
00
00
// 0x000019c0
00
00
00
00
00
00
00
00
00
00
00
00
00
00
00
00
// 0x000019d0
00
00
00
00
00
00
00
00
00
00
00
00
00
00
00
00
// 0x000019e0
00
00
00
00
00
00
00
00
00
00
00
00
00
00
00
00
// 0x000019f0
00
00
00
00
00
00
00
00
00
00
00
00
00
00
00
00
// 0x00001a00
00
00
00
00
00
00
00
00
00
00
00
00
00
00
00
00
// 0x00001a10
00
00
00
00
00
00
00
00
00
00
00
00
00
00
00
00
// 0x00001a20
00
00
00
00
00
00
00
00
00
00
00
00
00
00
00
00
// 0x00001a30
00
00
00
00
00
00
00
00
00
00
00
00
00
00
00
00
// 0x00001a40
00
00
00
00
00
00
00
00
00
00
00
00
00
00
00
00
// 0x00001a50
00
00
00
00
00
00
00
00
00
00
00
00
00
00
00
00
// 0x00001a60
00
00
00
00
00
00
00
00
00
00
00
00
00
00
00
00
// 0x00001a70
00
00
00
00
00
00
00
00
00
00
00
00
00
00
00
00
// 0x00001a80
00
00
00
00
00
00
00
00
00
00
00
00
00
00
00
00
// 0x00001a90
00
00
00
00
00
00
00
00
00
00
00
00
00
00
00
00
// 0x00001aa0
00
00
00
00
00
00
00
00
00
00
00
00
00
00
00
00
// 0x00001ab0
00
00
00
00
00
00
00
00
00
00
00
00
00
00
00
00
// 0x00001ac0
00
00
00
00
00
00
00
00
00
00
00
00
00
00
00
00
// 0x00001ad0
00
00
00
00
00
00
00
00
00
00
00
00
00
00
00
00
// 0x00001ae0
00
00
00
00
00
00
00
00
00
00
00
00
00
00
00
00
// 0x00001af0
00
00
00
00
00
00
00
00
00
00
00
00
00
00
00
00
// 0x00001b00
00
00
00
00
00
00
00
00
00
00
00
00
00
00
00
00
// 0x00001b10
00
00
00
00
00
00
00
00
00
00
00
00
00
00
00
00
// 0x00001b20
00
00
00
00
00
00
00
00
00
00
00
00
00
00
00
00
// 0x00001b30
00
00
00
00
00
00
00
00
00
00
00
00
00
00
00
00
// 0x00001b40
00
00
00
00
00
00
00
00
00
00
00
00
00
00
00
00
// 0x00001b50
00
00
00
00
00
00
00
00
00
00
00
00
00
00
00
00
// 0x00001b60
00
00
00
00
00
00
00
00
00
00
00
00
00
00
00
00
// 0x00001b70
00
00
00
00
00
00
00
00
00
00
00
00
00
00
00
00
// 0x00001b80
00
00
00
00
00
00
00
00
00
00
00
00
00
00
00
00
// 0x00001b90
00
00
00
00
00
00
00
00
00
00
00
00
00
00
00
00
// 0x00001ba0
00
00
00
00
00
00
00
00
00
00
00
00
00
00
00
00
// 0x00001bb0
00
00
00
00
00
00
00
00
00
00
00
00
00
00
00
00
// 0x00001bc0
00
00
00
00
00
00
00
00
00
00
00
00
00
00
00
00
// 0x00001bd0
00
00
00
00
00
00
00
00
00
00
00
00
00
00
00
00
// 0x00001be0
00
00
00
00
00
00
00
00
00
00
00
00
00
00
00
00
// 0x00001bf0
00
00
00
00
00
00
00
00
00
00
00
00
00
00
00
00
// 0x00001c00
00
00
00
00
00
00
00
00
00
00
00
00
00
00
00
00
// 0x00001c10
00
00
00
00
00
00
00
00
00
00
00
00
00
00
00
00
// 0x00001c20
00
00
00
00
00
00
00
00
00
00
00
00
00
00
00
00
// 0x00001c30
00
00
00
00
00
00
00
00
00
00
00
00
00
00
00
00
// 0x00001c40
00
00
00
00
00
00
00
00
00
00
00
00
00
00
00
00
// 0x00001c50
00
00
00
00
00
00
00
00
00
00
00
00
00
00
00
00
// 0x00001c60
00
00
00
00
00
00
00
00
00
00
00
00
00
00
00
00
// 0x00001c70
00
00
00
00
00
00
00
00
00
00
00
00
00
00
00
00
// 0x00001c80
00
00
00
00
00
00
00
00
00
00
00
00
00
00
00
00
// 0x00001c90
00
00
00
00
00
00
00
00
00
00
00
00
00
00
00
00
// 0x00001ca0
00
00
00
00
00
00
00
00
00
00
00
00
00
00
00
00
// 0x00001cb0
00
00
00
00
00
00
00
00
00
00
00
00
00
00
00
00
// 0x00001cc0
00
00
00
00
00
00
00
00
00
00
00
00
00
00
00
00
// 0x00001cd0
00
00
00
00
00
00
00
00
00
00
00
00
00
00
00
00
// 0x00001ce0
00
00
00
00
00
00
00
00
00
00
00
00
00
00
00
00
// 0x00001cf0
00
00
00
00
00
00
00
00
00
00
00
00
00
00
00
00
// 0x00001d00
00
00
00
00
00
00
00
00
00
00
00
00
00
00
00
00
// 0x00001d10
00
00
00
00
00
00
00
00
00
00
00
00
00
00
00
00
// 0x00001d20
00
00
00
00
00
00
00
00
00
00
00
00
00
00
00
00
// 0x00001d30
00
00
00
00
00
00
00
00
00
00
00
00
00
00
00
00
// 0x00001d40
00
00
00
00
00
00
00
00
00
00
00
00
00
00
00
00
// 0x00001d50
00
00
00
00
00
00
00
00
00
00
00
00
00
00
00
00
// 0x00001d60
00
00
00
00
00
00
00
00
00
00
00
00
00
00
00
00
// 0x00001d70
00
00
00
00
00
00
00
00
00
00
00
00
00
00
00
00
// 0x00001d80
00
00
00
00
00
00
00
00
00
00
00
00
00
00
00
00
// 0x00001d90
00
00
00
00
00
00
00
00
00
00
00
00
00
00
00
00
// 0x00001da0
00
00
00
00
00
00
00
00
00
00
00
00
00
00
00
00
// 0x00001db0
00
00
00
00
00
00
00
00
00
00
00
00
00
00
00
00
// 0x00001dc0
00
00
00
00
00
00
00
00
00
00
00
00
00
00
00
00
// 0x00001dd0
00
00
00
00
00
00
00
00
00
00
00
00
00
00
00
00
// 0x00001de0
00
00
00
00
00
00
00
00
00
00
00
00
00
00
00
00
// 0x00001df0
00
00
00
00
00
00
00
00
00
00
00
00
00
00
00
00
// 0x00001e00
00
00
00
00
00
00
00
00
00
00
00
00
00
00
00
00
// 0x00001e10
00
00
00
00
00
00
00
00
00
00
00
00
00
00
00
00
// 0x00001e20
00
00
00
00
00
00
00
00
00
00
00
00
00
00
00
00
// 0x00001e30
00
00
00
00
00
00
00
00
00
00
00
00
00
00
00
00
// 0x00001e40
00
00
00
00
00
00
00
00
00
00
00
00
00
00
00
00
// 0x00001e50
00
00
00
00
00
00
00
00
00
00
00
00
00
00
00
00
// 0x00001e60
00
00
00
00
00
00
00
00
00
00
00
00
00
00
00
00
// 0x00001e70
00
00
00
00
00
00
00
00
00
00
00
00
00
00
00
00
// 0x00001e80
00
00
00
00
00
00
00
00
00
00
00
00
00
00
00
00
// 0x00001e90
00
00
00
00
00
00
00
00
00
00
00
00
00
00
00
00
// 0x00001ea0
00
00
00
00
00
00
00
00
00
00
00
00
00
00
00
00
// 0x00001eb0
00
00
00
00
00
00
00
00
00
00
00
00
00
00
00
00
// 0x00001ec0
00
00
00
00
00
00
00
00
00
00
00
00
00
00
00
00
// 0x00001ed0
00
00
00
00
00
00
00
00
00
00
00
00
00
00
00
00
// 0x00001ee0
00
00
00
00
00
00
00
00
00
00
00
00
00
00
00
00
// 0x00001ef0
00
00
00
00
00
00
00
00
00
00
00
00
00
00
00
00
// 0x00001f00
00
00
00
00
00
00
00
00
00
00
00
00
00
00
00
00
// 0x00001f10
00
00
00
00
00
00
00
00
00
00
00
00
00
00
00
00
// 0x00001f20
00
00
00
00
00
00
00
00
00
00
00
00
00
00
00
00
// 0x00001f30
00
00
00
00
00
00
00
00
00
00
00
00
00
00
00
00
// 0x00001f40
00
00
00
00
00
00
00
00
00
00
00
00
00
00
00
00
// 0x00001f50
00
00
00
00
00
00
00
00
00
00
00
00
00
00
00
00
// 0x00001f60
00
00
00
00
00
00
00
00
00
00
00
00
00
00
00
00
// 0x00001f70
00
00
00
00
00
00
00
00
00
00
00
00
00
00
00
00
// 0x00001f80
00
00
00
00
00
00
00
00
00
00
00
00
00
00
00
00
// 0x00001f90
00
00
00
00
00
00
00
00
00
00
00
00
00
00
00
00
// 0x00001fa0
00
00
00
00
00
00
00
00
00
00
00
00
00
00
00
00
// 0x00001fb0
00
00
00
00
00
00
00
00
00
00
00
00
00
00
00
00
// 0x00001fc0
00
00
00
00
00
00
00
00
00
00
00
00
00
00
00
00
// 0x00001fd0
00
00
00
00
00
00
00
00
00
00
00
00
00
00
00
00
// 0x00001fe0
00
00
00
00
00
00
00
00
00
00
00
00
00
00
00
00
// 0x00001ff0
00
00
00
00
00
00
00
00
00
00
00
00
00
00
00
00
